MEMORY
  total            14.4 MB
  struct          159.1 KB
  buffer          293.5 KB
  arena            14.0 MB, used 0.3%

SIZES
  narena                14680064
  nbuffer               300592
  nplugin               0
  maxuse_stack          6120
  maxuse_arena          37240
  maxuse_con            10
  maxuse_efc            43
  ncon                  4
  ne                    1
  nf                    0
  nl                    0
  nefc                  17
  nJ                    255
  nA                    0
  nisland               2
  nidof                 15
  threadpool            0

TIMER
    0:  duration =  0.11       number = 1
    1:  duration =  0.1        number = 1
    2:  duration =  0          number = 0
    3:  duration =  0.084      number = 1
    4:  duration =  0.0057     number = 1
    5:  duration =  0.0012     number = 1
    6:  duration =  0.01       number = 1
    7:  duration =  0.0033     number = 1
    8:  duration =  0.011      number = 1
    9:  duration =  0.0024     number = 1
    10:  duration =  0.056      number = 1
    11:  duration =  0.014      number = 1
    12:  duration =  0.0002     number = 1
    13:  duration =  0.007      number = 1
    14:  duration =  0.026      number = 1

SOLVER STAT
  solver_fwdinv =   0         0       
  ISLAND 0
    solver_niter = 1
    solver_nnz = 81
      0:  improvement =  1.4e-07     gradient =  9.6e-19     lineslope =  0       
          nactive = 1   nchange = 0   neval = 2   nupdate = 0

  ISLAND 1
    solver_niter = 1
    solver_nnz = 36
      0:  improvement = -3e-15       gradient =  3.8e-16     lineslope =  1.2e-27 
          nactive = 16   nchange = 0   neval = 2   nupdate = 0

ENERGY =   0         0       

TIME =  1.1     

QPOS
  -1.1e-07 
  -0.82    
   0.00019 
  -2.8     
  -0.00029 
   2       
   0.79    
   1.8e-08 
   1.7e-08 
   0.4     
   5.9e-12 
   0.02    
   1       
   4.1e-17 
  -9.3e-19 
  -6.2e-13 

QVEL
   1.1e-06 
  -6.9e-05 
  -4.4e-06 
  -0.0014  
   1.3e-05 
   0.0016  
   0.0023  
  -2e-07   
  -1.7e-07 
  -4.4e-18 
   2e-17   
   3.4e-13 
  -1.1e-15 
  -2.8e-16 
   6.5e-17 

QACC_WARMSTART
  -0.00075 
   0.0059  
   0.00053 
   0.035   
  -0.0017  
  -0.079   
  -0.11    
  -3.7e-05 
   4.1e-05 
   4.5e-16 
  -2.4e-15 
  -1.2e-11 
   1.3e-13 
   4.8e-14 
   7.7e-17 

CTRL
   0       
  -0.82    
   0       
  -2.8     
   0       
   2       
   0.79    
   0       

QFRC_APPLIED
   0       
   0       
   0       
   0       
   0       
   0       
   0       
   0       
   0       
   0       
   0       
   0       
   0       
   0       
   0       

XFRC_APPLIED
   0         0         0         0         0         0       
   0         0         0         0         0         0       
   0         0         0         0         0         0       
   0         0         0         0         0         0       
   0         0         0         0         0         0       
   0         0         0         0         0         0       
   0         0         0         0         0         0       
   0         0         0         0         0         0       
   0         0         0         0         0         0       
   0         0         0         0         0         0       
   0         0         0         0         0         0       
   0         0         0         0         0         0       
   0         0         0         0         0         0       

EQ_ACTIVE             1

QACC
  -0.00075 
   0.0059  
   0.00053 
   0.035   
  -0.0017  
  -0.079   
  -0.11    
  -3.7e-05 
   4.1e-05 
   4.5e-16 
  -2.4e-15 
  -1.2e-11 
   1.3e-13 
   4.8e-14 
   7.7e-17 

XPOS
   0         0         0       
   0         0         0       
   0         0         0.33    
   0         0         0.33    
  -0.23      2.6e-08   0.55    
  -0.17      1.6e-05   0.61    
   0.21      5.6e-05   0.54    
   0.21      5.6e-05   0.54    
   0.3       7.7e-05   0.54    
   0.3       3.3e-05   0.43    
   0.3       9.1e-06   0.37    
   0.3       9.2e-06   0.37    
   0.4       5.9e-12   0.02    

XQUAT
   1         0         0         0       
   1         0         0         0       
   1         0         0        -5.7e-08 
   0.65     -0.65     -0.28     -0.28    
   0.92     -3.8e-05  -0.4       8.8e-05 
   0.39      0.39      0.59     -0.59    
   0.56     -0.00022   0.83     -0.0001  
   0.71      0.71      0.0031   -0.0029  
   0.0018    0.92     -0.38     -0.0038  
   0.00021   1         0.00024  -0.0042  
   0.00021   1         0.00024  -0.0042  
   0.0042    0.00024  -1         0.00021 
   1         4.2e-17  -6.5e-19  -6.2e-13 

XMAT
   1         0         0         0         1         0         0         0         1       
   1         0         0         0         1         0         0         0         1       
   1         1.1e-07   0        -1.1e-07   1        -0        -0         0         1       
   0.68      0.73      1.1e-07  -7.8e-08  -8.4e-08   1         0.73     -0.68      1.5e-16 
   0.68     -0.00013  -0.73      0.00019   1         8.4e-08   0.73     -0.00014   0.68    
  -0.38      0.92      0.00013  -0.00018   6.7e-05  -1        -0.92     -0.38      0.00014 
  -0.38     -0.00024   0.92     -0.00047   1         6.7e-05  -0.92     -0.00041  -0.38    
   1         0.0085    0.00024   0.00024   0.00041  -1        -0.0085    1         0.00041 
   0.71     -0.71     -0.0085   -0.71     -0.71     -0.00041  -0.0057    0.0063   -1       
   1         0.00048  -0.0085    0.00047  -1        -0.00041  -0.0085    0.00041  -1       
   1         0.00048  -0.0085    0.00047  -1        -0.00041  -0.0085    0.00041  -1       
  -1        -0.00048  -0.0085   -0.00047   1        -0.00041   0.0085   -0.00041  -1       
   1         1.2e-12  -1.3e-18  -1.2e-12   1        -8.5e-17   1.3e-18   8.5e-17   1       

XIPOS
   0         0         0       
  -0.041    -0.00014   0.05    
   0.0039    0.0021    0.29    
  -0.023     0.0035    0.35    
  -0.16      0.039     0.52    
  -0.057    -0.027     0.62    
   0.18      0.041     0.56    
   0.27      0.011     0.52    
   0.31     -0.0044    0.48    
   0.29      1.6e-05   0.4     
   0.3       9.1e-06   0.37    
   0.3       9.2e-06   0.37    
   0.4       5.9e-12   0.02    

XIMAT
   1         0         0         0         1         0         0         0         1       
   0.13      0.0028    0.99      0.019    -1         0.00032   0.99      0.019    -0.13    
   0.013    -1        -0.0097    1         0.013    -0.027     0.028    -0.0094    1       
   0.017    -0.69      0.73      0.82     -0.41     -0.4       0.57      0.6       0.56    
   0.17     -0.89     -0.41      0.93      0.0054    0.36     -0.32     -0.45      0.83    
   0.39      0.18     -0.9      -0.69     -0.59     -0.42     -0.6       0.79     -0.11    
  -0.49     -0.15      0.86     -0.28      0.96      0.0038   -0.82     -0.24     -0.51    
  -0.27     -0.14      0.95     -0.94     -0.17     -0.29      0.2      -0.98     -0.082   
   0.78     -0.63     -0.0008   -0.61     -0.76     -0.21      0.13      0.16     -0.98    
   1         0.00048  -0.0085    0.00047  -1        -0.00041  -0.0085    0.00041  -1       
   1         0.00048  -0.0085    0.00047  -1        -0.00041  -0.0085    0.00041  -1       
  -1        -0.00048  -0.0085   -0.00047   1        -0.00041   0.0085   -0.00041  -1       
   1         1.2e-12  -1.3e-18  -1.2e-12   1        -8.5e-17   1.3e-18   8.5e-17   1       

XANCHOR
   0         0         0.33    
   0         0         0.33    
  -0.23      2.6e-08   0.55    
  -0.17      1.6e-05   0.61    
   0.21      5.6e-05   0.54    
   0.21      5.6e-05   0.54    
   0.3       7.7e-05   0.54    
   0.3       9.1e-06   0.37    
   0.3       9.1e-06   0.37    
   0.4       5.9e-12   0.02    

XAXIS
   0         0         1       
   1.1e-07   1         3.3e-16 
  -0.73      8.4e-08   0.68    
   0.00013  -1         0.00014 
   0.92      6.7e-05  -0.38    
   0.00024  -1         0.00041 
  -0.0085   -0.00041  -1       
   0.00048  -1         0.00041 
  -0.00048   1        -0.00041 
   0         0         1       

GEOM_XPOS
   0         0         0       
  -0.024     0.069     0.037   
  -0.025     0.073     0.037   
  -0.024    -0.065     0.063   
  -0.025    -0.073     0.063   
  -0.065    -0.066     0.048   
  -0.06      0.058     0.037   
   0.011    -0.072     0.046   
  -0.03     -3.4e-05   0.053   
  -0.025    -0.073     0.033   
  -0.024    -0.065     0.033   
   0.011     0.072     0.046   
  -0.029    -0.00088   0.057   
   2.2e-06  -0.032     0.27    
   1.1e-05  -0.031     0.26    
  -0.05      0.032     0.38    
  -0.051     0.031     0.38    
  -0.17      0.024     0.55    
  -0.21     -0.011     0.56    
  -0.15     -0.011     0.55    
  -0.17      0.08      0.6     
  -0.17      0.025     0.56    
  -0.11      0.011     0.61    
  -0.12     -0.024     0.63    
  -0.17     -0.08      0.61    
  -0.14      0.011     0.66    
  -0.12     -0.025     0.63    
   0.18      0.096     0.55    
   0.11      0.1       0.59    
   0.11      0.044     0.58    
   0.019     0.02      0.62    
   0.1       0.08      0.59    
   0.21      0.069     0.54    
   0.24      0.0052    0.52    
   0.21     -0.053     0.54    
   0.32      0.00069   0.61    
   0.3       0.011     0.62    
   0.31      0.00012   0.61    
   0.3      -0.011     0.62    
   0.29      0.00011   0.62    
   0.28      0.00011   0.62    
   0.33      0.00011   0.61    
   0.21     -0.052     0.54    
   0.3       0.00017   0.61    
   0.3       0.00012   0.61    
   0.3       0.025     0.62    
   0.3      -0.025     0.62    
   0.22     -0.044     0.54    
   0.3       0.00013   0.61    
   0.27     -0.0083    0.54    
   0.26     -0.0061    0.55    
   0.3      -0.059     0.46    
   0.33     -0.058     0.45    
   0.3       0.045     0.45    
   0.3       0.052     0.45    
   0.3       0.053     0.45    
   0.27     -0.058     0.46    
   0.3      -0.058     0.47    
   0.3       1.4e-05   0.46    
   0.3      -0.015     0.46    
   0.3       1.5e-05   0.41    
   0.3       0.096     0.44    
   0.3       0.066     0.45    
   0.3      -0.0031    0.4     
   0.3      -0.00037   0.43    
   0.3       0.00064   0.41    
   0.3      -0.016     0.36    
   0.3      -0.0047    0.33    
   0.3      -0.016     0.36    
   0.3      -0.0055    0.33    
   0.3      -0.002     0.32    
   0.29     -0.002     0.32    
   0.3      -0.002     0.33    
   0.29     -0.002     0.33    
   0.3       0.016     0.36    
   0.3       0.0047    0.33    
   0.3       0.016     0.36    
   0.3       0.0055    0.33    
   0.29      0.002     0.32    
   0.3       0.002     0.32    
   0.29      0.002     0.33    
   0.3       0.002     0.33    
   0.4       5.9e-12   0.02    

GEOM_XMAT
   1         0         0         0         1         0         0         0         1       
  -0.16     -0.99      0         0.99     -0.16      0         0         0         1       
   1         0         0         0         1         0         0         0         1       
   0.99      0        -0.17     -0.17      0        -0.99      0         1         0       
   1         0         0         0         1         0         0         0         1       
   0.16     -0.99      0         0.99      0.16      0         0         0         1       
   0        -1         0         1         0         0         0         0         1       
   0.16     -0.98     -0.12      0.99      0.16      0.022    -0.0026   -0.12      0.99    
  -0.42      0.0024    0.91     -0.0015   -1         0.0019    0.91     -0.00057   0.42    
   1         0         0         0         1         0         0         0         1       
   0.99      0        -0.15     -0.15      0        -0.99      0         1         0       
  -0.16     -0.98     -0.12      0.99     -0.16     -0.022     0.0025   -0.12      0.99    
  -0.36      0.0082    0.93      0.022    -1         0.017     0.93      0.027     0.36    
   1         0.0004   -1.1e-05  -0.00038   0.93     -0.37     -0.00014   0.37      0.93    
   1        -0.00072  -7.9e-05   0.00065   0.94     -0.34      0.00032   0.34      0.94    
   0.68     -0.27     -0.68      0.00039   0.93     -0.37      0.73      0.25      0.64    
   0.68     -0.25     -0.69     -3.9e-05   0.94     -0.34      0.73      0.23      0.64    
  -0.98     -0.19     -0.002     0.18     -0.9       0.39     -0.078     0.39      0.92    
  -0.64     -0.65      0.42     -0.49     -0.08     -0.87      0.6      -0.76     -0.27    
  -0.49     -0.49     -0.73      0.71     -0.7      -0.0056   -0.51     -0.52      0.69    
  -0.006    -1         0.091     1         0.0017    0.084    -0.084     0.091     0.99    
  -0.95     -0.3      -0.018     0.28     -0.88      0.38     -0.13      0.36      0.92    
   0.26      0.27     -0.93     -0.71      0.7       0.0059    0.65      0.66      0.38    
   0.25      0.47     -0.85      0.32     -0.86     -0.39     -0.91     -0.17     -0.37    
   0.074    -0.49     -0.87     -1        -0.0014   -0.084     0.04      0.87     -0.49    
   0.81      0.42     -0.42     -0.49      0.079    -0.87     -0.33      0.9       0.27    
   0.22      0.47     -0.86      0.35     -0.86     -0.38     -0.91     -0.22     -0.35    
  -0.048     0.38      0.92      1         0.0043    0.05      0.015     0.92     -0.38    
  -0.38     -0.00024   0.92     -0.00047   1         6.7e-05  -0.92     -0.00041  -0.38    
  -0.38     -0.25      0.89     -0.00041   0.96      0.27     -0.92      0.1      -0.37    
   0.8       0.28     -0.54     -0.59      0.16     -0.79     -0.13      0.95      0.29    
  -0.23      0.39      0.89      0.97      0.0058    0.24      0.089     0.92     -0.38    
  -0.38      0.86      0.35      0.0047    0.38     -0.92     -0.93     -0.35     -0.15    
  -0.041    -0.5       0.87     -1        -0.0095   -0.053     0.034    -0.87     -0.5     
   0.00024  -1        -0.0085   -1        -0.00024  -0.00041   0.00041   0.0085   -1       
   0.23     -0.15      0.96     -0.0094   -0.99     -0.15      0.97      0.026    -0.23    
   1         0.0085    0.00024   0.00024   0.00041  -1        -0.0085    1         0.00041 
   1         0.0085    0.00024   0.00024   0.00041  -1        -0.0085    1         0.00041 
   1         0.0085    0.00024   0.00024   0.00041  -1        -0.0085    1         0.00041 
   1         0.0085    0.00024   0.00024   0.00041  -1        -0.0085    1         0.00041 
   1         0.0085    0.00024   0.00024   0.00041  -1        -0.0085    1         0.00041 
   1         0.0085    0.00024   0.00024   0.00041  -1        -0.0085    1         0.00041 
   0.00024  -0.0085    1        -1        -0.00041   0.00024   0.00041  -1        -0.0085  
   0.23      0.03      0.97      0.00046  -1         0.03      0.97     -0.0064   -0.23    
   1         0.0085    0.00024   0.00024   0.00041  -1        -0.0085    1         0.00041 
   1         0.0085    0.00024   0.00024   0.00041  -1        -0.0085    1         0.00041 
   1         0.0085    0.00024   0.00024   0.00041  -1        -0.0085    1         0.00041 
  -0.099     0.0027    1        -1        -0.0033   -0.099     0.003    -1         0.003   
   0.23     -0.025     0.97      0.00046  -1        -0.026     0.97      0.0063   -0.23    
   0.25     -0.016     0.97     -0.97     -0.05      0.25      0.044    -1        -0.029   
   0.14      0.12      0.98     -0.99      0.011     0.14      0.0061   -0.99      0.12    
  -0.0085   -0.013     1         0.21      0.98      0.015    -0.98      0.21     -0.0055  
   1         0.011     0.083    -0.083     0.23      0.97     -0.0084   -0.97      0.23    
   1        -0.0085    5.2e-05  -5.6e-05  -0.00041   1        -0.0085   -1        -0.00041 
   0.71     -0.71     -0.0085   -0.71     -0.71     -0.00041  -0.0057    0.0063   -1       
   0.71     -0.71     -0.0085   -0.71     -0.71     -0.00041  -0.0057    0.0063   -1       
  -1        -0.028     0.081    -0.085     0.23     -0.97      0.0085   -0.97     -0.23    
  -0.0084    0.0015    1         0.28      0.96      0.00089  -0.96      0.28     -0.0085  
  -0.0061    0.71      0.71      0.0017    0.71     -0.71     -1        -0.0031   -0.0055  
  -0.0082   -1         0.00057   0.053     0.00013   1        -1         0.0083    0.053   
  -0.0085   -1        -0.00048  -0.00041  -0.00047   1        -1         0.0085   -0.00041 
   1        -0.0025   -0.0081    0.00047  -0.94      0.35     -0.0085   -0.35     -0.94    
   1        -0.0085   -0.00048   0.00047  -0.00041   1        -0.0085   -1        -0.00041 
   1        -0.0085   -0.00057   0.00048  -0.011     1        -0.0085   -1        -0.011   
  -0.0084    0.068     1         0.00013   1        -0.068    -1        -0.00044  -0.0084  
   1        -0.0089   -0.00048   0.0007    0.025     1        -0.0089   -1         0.025   
  -0.00017  -1        -0.0085   -1        -0.00047   0.076    -0.076     0.0085   -1       
   0.00048  -1        -0.0085   -1        -0.00047  -0.00041   0.00041   0.0085   -1       
  -0.00017  -1        -0.0085   -1        -0.00047   0.076    -0.076     0.0085   -1       
   1         0.00048  -0.0085    0.00047  -1        -0.00041  -0.0085    0.00041  -1       
   1         0.00048  -0.0085    0.00047  -1        -0.00041  -0.0085    0.00041  -1       
   1         0.00048  -0.0085    0.00047  -1        -0.00041  -0.0085    0.00041  -1       
   1         0.00048  -0.0085    0.00047  -1        -0.00041  -0.0085    0.00041  -1       
   1         0.00048  -0.0085    0.00047  -1        -0.00041  -0.0085    0.00041  -1       
  -0.0011    1        -0.0084    1         0.00047  -0.077    -0.077    -0.0085   -1       
  -0.00048   1        -0.0085    1         0.00047  -0.00041  -0.00041  -0.0085   -1       
  -0.0011    1        -0.0084    1         0.00047  -0.077    -0.077    -0.0085   -1       
  -1        -0.00048  -0.0085   -0.00047   1        -0.00041   0.0085   -0.00041  -1       
  -1        -0.00048  -0.0085   -0.00047   1        -0.00041   0.0085   -0.00041  -1       
  -1        -0.00048  -0.0085   -0.00047   1        -0.00041   0.0085   -0.00041  -1       
  -1        -0.00048  -0.0085   -0.00047   1        -0.00041   0.0085   -0.00041  -1       
  -1        -0.00048  -0.0085   -0.00047   1        -0.00041   0.0085   -0.00041  -1       
   1         1.2e-12  -1.3e-18  -1.2e-12   1        -8.5e-17   1.3e-18   8.5e-17   1       

CAM_XPOS
  -0.6       0.57      0.67    

CAM_XMAT
  -0.5       0.38     -0.78     -0.86     -0.22      0.45      0         0.9       0.44    

LIGHT_XPOS
  -0.0019   -4.9e-05   1.8     
   0         0         1.5     

LIGHT_XDIR
   0         0        -1       
   0         0        -1       

SUBTREE_COM
   0.022     0.006     0.45    
   0.021     0.0061    0.45    
   0.024     0.0063    0.46    
   0.032     0.0081    0.54    
   0.035     0.0083    0.55    
   0.12     -0.0042    0.56    
   0.26      0.015     0.51    
   0.29      0.0046    0.48    
   0.3      -0.0021    0.44    
   0.29      1.6e-05   0.4     
   0.3       9.1e-06   0.37    
   0.3       9.2e-06   0.37    
   0.4       5.9e-12   0.02    

CDOF
   0         0         1        -0.0061    0.021     0       
   1.1e-07   1         3.3e-16   0.11     -1.3e-08  -0.021   
  -0.73      8.4e-08   0.68     -0.0041    0.098    -0.0044  
   0.00013  -1         0.00014   0.16      4.8e-05   0.2     
   0.92      6.7e-05  -0.38      0.0023    0.16      0.0056  
   0.00024  -1         0.00041   0.091    -5.6e-05  -0.19    
  -0.0085   -0.00041  -1         0.006     0.28     -0.00017 
   0         0         0         0.00048  -1         0.00041 
   0         0         0        -0.00048   1        -0.00041 
   0         0         0         1         0         0       
   0         0         0         0         1         0       
   0         0         0         0         0         1       
   1        -1.2e-12   1.3e-18  -0         0         0       
   1.2e-12   1         8.5e-17   0         0         0       
  -1.3e-18  -8.5e-17   1        -0         0         0       

CINERT
   0         0         0         0         0         0         0         0         0         0       
   0.1       0.11      0.0068   -0.00024  -0.015    -0.0015   -0.039    -0.0039   -0.25      0.63    
   0.83      0.84      0.011    -0.00048  -0.0072    0.016    -0.086    -0.02     -0.8       5       
   0.021     0.033     0.023     0.0075   -0.013     0.0068   -0.029    -0.0017   -0.063     0.65    
   0.057     0.16      0.13      0.026     0.059    -0.02     -0.6       0.11      0.25      3.2     
   0.12      0.16      0.057    -0.018     0.045     0.023    -0.28     -0.12      0.61      3.6     
   0.034     0.078     0.062    -0.0059   -0.011    -0.0032    0.2       0.043     0.14      1.2     
   0.012     0.12      0.11     -0.00074  -0.032    -0.00093   0.42      0.0075    0.13      1.7     
   0.012     0.073     0.066     0.00096  -0.0059   -0.0011    0.21     -0.0077    0.021     0.74    
   0.0026    0.056     0.054     0.0012    0.0091   -0.0002    0.2      -0.0044   -0.034     0.73    
   8.7e-05   0.0012    0.0012    2.5e-05   0.00031  -6.8e-06   0.0042   -9.1e-05  -0.0011    0.015   
   8.7e-05   0.0012    0.0012    2.5e-05   0.00031  -6.8e-06   0.0042   -9.1e-05  -0.0011    0.015   
   1.3e-05   1.3e-05   1.3e-05   1.5e-39   0         0         0         0         0         0.05    

TEN_LENGTH
   1.8e-08 

TEN_MOMENT
   0         0         0         0         0         0         0         0.5       0.5       0         0         0         0         0         0       

TENDON 0: 0 wrap points

ACTUATOR_LENGTH
  -1.1e-07 
  -0.82    
   0.00019 
  -2.8     
  -0.00029 
   2       
   0.79    
   1.8e-08 

actuator_moment
-----------------
 x               |
  x              |
   x             |
    x            |
     x           |
      x          |
       x         |
        xx       |
-----------------

ACTUATOR_MOMENT
     0:  1       
     1:  1       
     2:  1       
     3:  1       
     4:  1       
     5:  1       
     6:  1       
     7:  0.5        8:  0.5     

CRB
   0         0         0         0         0         0         0         0         0         0       
   1.2       1.6       0.52      0.01      0.03      0.018     5.6e-17   2.2e-17   1.2e-15   17      
   1.1       1.5       0.51      0.01      0.045     0.02      0.039     0.0039    0.25      17      
   0.26      0.68      0.5       0.011     0.053     0.0036    0.13      0.024     1.1       12      
   0.24      0.65      0.48      0.0035    0.066    -0.0032    0.15      0.025     1.1       11      
   0.18      0.49      0.35     -0.022     0.0062    0.017     0.75     -0.082     0.87      8       
   0.061     0.33      0.29     -0.0044   -0.039    -0.0054    1         0.038     0.26      4.4     
   0.027     0.25      0.23      0.0015   -0.028    -0.0023    0.83     -0.0047    0.11      3.2     
   0.015     0.13      0.12      0.0022    0.0038   -0.0014    0.42     -0.012    -0.015     1.5     
   0.0028    0.059     0.056     0.0012    0.0097   -0.00022   0.2      -0.0046   -0.036     0.76    
   8.7e-05   0.0012    0.0012    2.5e-05   0.00031  -6.8e-06   0.0042   -9.1e-05  -0.0011    0.015   
   8.7e-05   0.0012    0.0012    2.5e-05   0.00031  -6.8e-06   0.0042   -9.1e-05  -0.0011    0.015   
   1.3e-05   1.3e-05   1.3e-05   1.5e-39   0         0         0         0         0         0.05    

QM
   0.62    
  -0.014     1.2     
   0.34     -0.015     0.68    
  -0.0064   -0.49     -0.019     1.1     
   0.015    -0.0055   -0.0074    0.023     0.13    
   0.0017   -0.067     0.00056   0.16      0.00014   0.15    
  -0.0068    0.00089  -0.0048   -0.0018    0.0027   -0.0016    0.11    
  -0.0045   -1.6e-06  -0.0035    3.1e-06  -0.0018    5.8e-07   0         0.11    
   0.0045    1.6e-06   0.0035   -3.1e-06   0.0018   -5.8e-07   0                   0.12    
                                                                                             0.05    
                                                                                             0         0.05    
                                                                                             0         0         0.05    
                                                                                             0         0         0         1.3e-05 
                                                                                             0         0         0         0         1.3e-05 
                                                                                             0         0         0         0         0         1.3e-05 

M
     0:  0.62    
     0: -0.014      1:  1.2     
     0:  0.34       1: -0.015      2:  0.68    
     0: -0.0064     1: -0.49       2: -0.019      3:  1.1     
     0:  0.015      1: -0.0055     2: -0.0074     3:  0.023      4:  0.13    
     0:  0.0017     1: -0.067      2:  0.00056    3:  0.16       4:  0.00014    5:  0.15    
     0: -0.0068     1:  0.00089    2: -0.0048     3: -0.0018     4:  0.0027     5: -0.0016     6:  0.11    
     0: -0.0045     1: -1.6e-06    2: -0.0035     3:  3.1e-06    4: -0.0018     5:  5.8e-07    6:  0          7:  0.11    
     0:  0.0045     1:  1.6e-06    2:  0.0035     3: -3.1e-06    4:  0.0018     5: -5.8e-07    6:  0          8:  0.12    
     9:  0.05    
    10:  0.05    
    11:  0.05    
    12:  1.3e-05 
    13:  1.3e-05 
    14:  1.3e-05 

QLD
     0:  0.45    
     0: -0.0058     1:  0.97    
     0:  0.5        1: -0.034      2:  0.67    
     0: -0.011      1: -0.45       2: -0.019      3:  0.95    
     0:  0.11       1: -0.041      2: -0.055      3:  0.17       4:  0.13    
     0:  0.01       1: -0.44       2:  0.0031     3:  1          4:  0.0011     5:  0.15    
     0: -0.064      1:  0.0084     2: -0.045      3: -0.017      4:  0.025      5: -0.015      6:  0.11    
     0: -0.039      1: -1.3e-05    2: -0.03       3:  2.7e-05    4: -0.016      5:  5.1e-06    6:  0          7:  0.11    
     0:  0.039      1:  1.3e-05    2:  0.03       3: -2.7e-05    4:  0.016      5: -5.1e-06    6:  0          8:  0.12    
     9:  0.05    
    10:  0.05    
    11:  0.05    
    12:  1.3e-05 
    13:  1.3e-05 
    14:  1.3e-05 

QLDIAGINV
   2.2     
   1       
   1.5     
   1.1     
   7.5     
   6.5     
   9.4     
   8.7     
   8.7     
   20      
   20      
   20      
   7.5e+04 
   7.5e+04 
   7.5e+04 

M: inertia structure
-----------------
 x               |
 xx              |
 xxx             |
 xxxx            |
 xxxxx           |
 xxxxxx          |
 xxxxxxx         |
 xxxxxxxx        |
 xxxxxxx x       |
          x      |
           x     |
            x    |
             x   |
              x  |
               x |
-----------------

iM: block-diagonal inertia (nnzs are island ids)
-----------------
 0               |
 00              |
 000             |
 0000            |
 00000           |
 000000          |
 0000000         |
 00000000        |
 0000000 0       |
          1      |
           1     |
            1    |
             1   |
              1  |
               1 |
-----------------

QH
     0:  1.4     
     0: -0.0054     1:  2       
     0:  0.24       1: -0.014      2:  1.4     
     0: -0.0043     1: -0.27       2: -0.011      3:  1.8     
     0:  0.028      1: -0.01       2: -0.014      3:  0.043      4:  0.53    
     0:  0.003      1: -0.12       2:  0.00097    3:  0.28       4:  0.00026    5:  0.56    
     0: -0.013      1:  0.0018     2: -0.0095     3: -0.0035     4:  0.0053     5: -0.0031     6:  0.51    
     0: -0.037      1: -1.3e-05    2: -0.029      3:  2.6e-05    4: -0.015      5:  4.8e-06    6:  0          7:  0.12    
     0:  0.037      1:  1.3e-05    2:  0.029      3: -2.6e-05    4:  0.015      5: -4.8e-06    6:  0          8:  0.12    
     9:  0.05    
    10:  0.05    
    11:  0.05    
    12:  1.3e-05 
    13:  1.3e-05 
    14:  1.3e-05 

QHDIAGINV
   0.69    
   0.51    
   0.73    
   0.57    
   1.9     
   1.8     
   2       
   8.2     
   8.2     
   20      
   20      
   20      
   7.5e+04 
   7.5e+04 
   7.5e+04 

QDERIV
     0: -4.5e+02    1:  0          2:  0          3:  0          4:  0          5:  0          6:  0          7:  0          8:  0       
     0:  0          1: -4.5e+02    2:  0          3:  0          4:  0          5:  0          6:  0          7:  0          8:  0       
     0:  0          1:  0          2: -3.5e+02    3:  0          4:  0          5:  0          6:  0          7:  0          8:  0       
     0:  0          1:  0          2:  0          3: -3.5e+02    4:  0          5:  0          6:  0          7:  0          8:  0       
     0:  0          1:  0          2:  0          3:  0          4: -2e+02      5:  0          6:  0          7:  0          8:  0       
     0:  0          1:  0          2:  0          3:  0          4:  0          5: -2e+02      6:  0          7:  0          8:  0       
     0:  0          1:  0          2:  0          3:  0          4:  0          5:  0          6: -2e+02      7:  0          8:  0       
     0:  0          1:  0          2:  0          3:  0          4:  0          5:  0          6:  0          7: -3.5     
     0:  0          1:  0          2:  0          3:  0          4:  0          5:  0          6:  0          8: -3.5     
     9:  0         10:  0         11:  0         12:  0         13:  0         14:  0       
     9:  0         10:  0         11:  0         12:  0         13:  0         14:  0       
     9:  0         10:  0         11:  0         12:  0         13:  0         14:  0       
     9:  0         10:  0         11:  0         12:  0         13:  0         14:  0       
     9:  0         10:  0         11:  0         12:  0         13:  0         14:  0       
     9:  0         10:  0         11:  0         12:  0         13:  0         14:  0       

CONTACT
  0:
     dim           3
     geoms         floor : 82
     exclude       0
     efc_address   1
     solref         0.02      1       
     solimp         0.9       0.95      0.001     0.5       2       
     dist          -0.00011 
     includemargin  0       
     pos            0.38     -0.02     -5.4e-05 
     frame          0         0         1         0         1         0        -1         0         0       
     friction       1         1         0.005     0.0001    0.0001  
     mu             1       
     force          0.12     -3.8e-17   0         0         0         0       
  1:
     dim           3
     geoms         floor : 82
     exclude       0
     efc_address   5
     solref         0.02      1       
     solimp         0.9       0.95      0.001     0.5       2       
     dist          -0.00011 
     includemargin  0       
     pos            0.42     -0.02     -5.4e-05 
     frame          0         0         1         0         1         0        -1         0         0       
     friction       1         1         0.005     0.0001    0.0001  
     mu             1       
     force          0.12     -2.4e-17   0         0         0         0       
  2:
     dim           3
     geoms         floor : 82
     exclude       0
     efc_address   9
     solref         0.02      1       
     solimp         0.9       0.95      0.001     0.5       2       
     dist          -0.00011 
     includemargin  0       
     pos            0.38      0.02     -5.4e-05 
     frame          0         0         1         0         1         0        -1         0         0       
     friction       1         1         0.005     0.0001    0.0001  
     mu             1       
     force          0.12     -3.8e-17  -3.5e-18   0         0         0       
  3:
     dim           3
     geoms         floor : 82
     exclude       0
     efc_address   13
     solref         0.02      1       
     solimp         0.9       0.95      0.001     0.5       2       
     dist          -0.00011 
     includemargin  0       
     pos            0.42      0.02     -5.4e-05 
     frame          0         0         1         0         1         0        -1         0         0       
     friction       1         1         0.005     0.0001    0.0001  
     mu             1       
     force          0.12     -2.4e-17  -6.9e-18   0         0         0       

EFC_TYPE
  0
  6
  6
  6
  6
  6
  6
  6
  6
  6
  6
  6
  6
  6
  6
  6
  6

EFC_ID
  0
  0
  0
  0
  0
  1
  1
  1
  1
  2
  2
  2
  2
  3
  3
  3
  3

EFC_J
   0         0         0         0         0         0         0         1        -1         0         0         0         0         0         0       
   0         0         0         0         0         0         0         0         0         0         1         1        -5.4e-05   0.02     -0.02    
   0         0         0         0         0         0         0         0         0         0        -1         1        -0.04      0.02      0.02    
   0         0         0         0         0         0         0         0         0        -1         0         1        -0.02      0.04     -0.02    
   0         0         0         0         0         0         0         0         0         1         0         1        -0.02      5.4e-05   0.02    
   0         0         0         0         0         0         0         0         0         0         1         1        -5.4e-05  -0.02      0.02    
   0         0         0         0         0         0         0         0         0         0        -1         1        -0.04     -0.02     -0.02    
   0         0         0         0         0         0         0         0         0        -1         0         1        -0.02     -5.4e-05  -0.02    
   0         0         0         0         0         0         0         0         0         1         0         1        -0.02     -0.04      0.02    
   0         0         0         0         0         0         0         0         0         0         1         1         0.04      0.02     -0.02    
   0         0         0         0         0         0         0         0         0         0        -1         1         5.4e-05   0.02      0.02    
   0         0         0         0         0         0         0         0         0        -1         0         1         0.02      0.04      0.02    
   0         0         0         0         0         0         0         0         0         1         0         1         0.02      5.4e-05  -0.02    
   0         0         0         0         0         0         0         0         0         0         1         1         0.04     -0.02      0.02    
   0         0         0         0         0         0         0         0         0         0        -1         1         5.4e-05  -0.02     -0.02    
   0         0         0         0         0         0         0         0         0        -1         0         1         0.02     -5.4e-05   0.02    
   0         0         0         0         0         0         0         0         0         1         0         1         0.02     -0.04     -0.02    

IEFC_J
   0         0         0         0         0         0         0         1        -1       ......... ......... ......... ......... ......... ......... 
 ......... ......... ......... ......... ......... ......... ......... ......... .........   0         1         1        -5.4e-05   0.02     -0.02    
 ......... ......... ......... ......... ......... ......... ......... ......... .........   0        -1         1        -0.04      0.02      0.02    
 ......... ......... ......... ......... ......... ......... ......... ......... .........  -1         0         1        -0.02      0.04     -0.02    
 ......... ......... ......... ......... ......... ......... ......... ......... .........   1         0         1        -0.02      5.4e-05   0.02    
 ......... ......... ......... ......... ......... ......... ......... ......... .........   0         1         1        -5.4e-05  -0.02      0.02    
 ......... ......... ......... ......... ......... ......... ......... ......... .........   0        -1         1        -0.04     -0.02     -0.02    
 ......... ......... ......... ......... ......... ......... ......... ......... .........  -1         0         1        -0.02     -5.4e-05  -0.02    
 ......... ......... ......... ......... ......... ......... ......... ......... .........   1         0         1        -0.02     -0.04      0.02    
 ......... ......... ......... ......... ......... ......... ......... ......... .........   0         1         1         0.04      0.02     -0.02    
 ......... ......... ......... ......... ......... ......... ......... ......... .........   0        -1         1         5.4e-05   0.02      0.02    
 ......... ......... ......... ......... ......... ......... ......... ......... .........  -1         0         1         0.02      0.04      0.02    
 ......... ......... ......... ......... ......... ......... ......... ......... .........   1         0         1         0.02      5.4e-05  -0.02    
 ......... ......... ......... ......... ......... ......... ......... ......... .........   0         1         1         0.04     -0.02      0.02    
 ......... ......... ......... ......... ......... ......... ......... ......... .........   0        -1         1         5.4e-05  -0.02     -0.02    
 ......... ......... ......... ......... ......... ......... ......... ......... .........  -1         0         1         0.02     -5.4e-05   0.02    
 ......... ......... ......... ......... ......... ......... ......... ......... .........   1         0         1         0.02     -0.04     -0.02    

EFC_POS
   8.1e-10 
  -0.00011 
  -0.00011 
  -0.00011 
  -0.00011 
  -0.00011 
  -0.00011 
  -0.00011 
  -0.00011 
  -0.00011 
  -0.00011 
  -0.00011 
  -0.00011 
  -0.00011 
  -0.00011 
  -0.00011 
  -0.00011 

EFC_MARGIN
   0       
   0       
   0       
   0       
   0       
   0       
   0       
   0       
   0       
   0       
   0       
   0       
   0       
   0       
   0       
   0       
   0       

EFC_FRICTIONLOSS
   0       
   0       
   0       
   0       
   0       
   0       
   0       
   0       
   0       
   0       
   0       
   0       
   0       
   0       
   0       
   0       
   0       

EFC_DIAGAPPROX
   17      
   80      
   80      
   80      
   80      
   80      
   80      
   80      
   80      
   80      
   80      
   80      
   80      
   80      
   80      
   80      
   80      

EFC_KBIP
   4.1e+04   4e+02     0.95      0.00013 
   2.8e+03   1.1e+02   0.9      -22      
   2.8e+03   1.1e+02   0.9      -22      
   2.8e+03   1.1e+02   0.9      -22      
   2.8e+03   1.1e+02   0.9      -22      
   2.8e+03   1.1e+02   0.9      -22      
   2.8e+03   1.1e+02   0.9      -22      
   2.8e+03   1.1e+02   0.9      -22      
   2.8e+03   1.1e+02   0.9      -22      
   2.8e+03   1.1e+02   0.9      -22      
   2.8e+03   1.1e+02   0.9      -22      
   2.8e+03   1.1e+02   0.9      -22      
   2.8e+03   1.1e+02   0.9      -22      
   2.8e+03   1.1e+02   0.9      -22      
   2.8e+03   1.1e+02   0.9      -22      
   2.8e+03   1.1e+02   0.9      -22      
   2.8e+03   1.1e+02   0.9      -22      

EFC_D
   1.1     
   0.11    
   0.11    
   0.11    
   0.11    
   0.11    
   0.11    
   0.11    
   0.11    
   0.11    
   0.11    
   0.11    
   0.11    
   0.11    
   0.11    
   0.11    
   0.11    

EFC_R
   0.92    
   8.8     
   8.8     
   8.8     
   8.8     
   8.8     
   8.8     
   8.8     
   8.8     
   8.8     
   8.8     
   8.8     
   8.8     
   8.8     
   8.8     
   8.8     
   8.8     

TEN_VELOCITY
  -1.9e-07 

ACTUATOR_VELOCITY
   1.1e-06 
  -7e-05   
  -4.5e-06 
  -0.0014  
   1.3e-05 
   0.0017  
   0.0024  
  -1.9e-07 

CVEL
   0         0         0         0         0         0       
   0         0         0         0         0         0       
   0         0         1.1e-06  -6.5e-09   2.3e-08   0       
  -8e-12    -7e-05     1.1e-06  -8e-06     2.3e-08   1.5e-06 
   3.2e-06  -7e-05    -2e-06    -8e-06    -4.1e-07   1.5e-06 
   3.1e-06   0.0014   -2.2e-06  -0.00024  -4.8e-07  -0.00028 
   1.5e-05   0.0014   -7.1e-06  -0.00024   1.5e-06  -0.00028 
   1.5e-05  -0.00032  -6.4e-06  -8.7e-05   1.5e-06  -0.0006  
  -4.9e-06  -0.00032  -0.0024   -7.3e-05   0.00067  -0.0006  
  -4.9e-06  -0.00032  -0.0024   -7.3e-05   0.00067  -0.0006  
  -4.9e-06  -0.00032  -0.0024   -7.3e-05   0.00067  -0.0006  
  -4.9e-06  -0.00032  -0.0024   -7.3e-05   0.00067  -0.0006  
  -1.3e-15  -4.7e-16   2.6e-26  -4.9e-18   2.5e-17   3.6e-13 

CDOF_DOT
   0         0         0         0         0         0       
  -1.1e-06   1.2e-13   0         1.4e-14   1.2e-07  -6.5e-09 
  -4.8e-05  -7.9e-07  -5.1e-05   2.2e-07   4.4e-06  -2.7e-07 
  -2e-06    -7.1e-10  -3.2e-06  -1.2e-05  -9.5e-07   1.9e-05 
  -0.00052  -8.3e-07  -0.0013    8.1e-06  -0.00035  -2.2e-06 
  -6.5e-06  -7.9e-09  -1.5e-05  -0.00054   2.2e-06   0.00012 
   0.00032   1.5e-05  -2.7e-06   1.4e-07  -8.2e-05   6.2e-06 
   0         0         0        -0.0024   -1.1e-06   5e-06   
   0         0         0         0.0024    1.1e-06  -5e-06   
   0         0         0         0         0         0       
   0         0         0         0         0         0       
   0         0         0         0         0         0       
   0         0        -0         4.4e-25   3.6e-13  -2.5e-17 
   0         0         0        -3.6e-13   4.4e-25  -4.9e-18 
   0        -0         0         2.5e-17   4.9e-18   4.4e-34 

QFRC_BIAS
   4.2e-08 
  -3.7     
  -0.67    
   23      
   0.59    
   2.3     
   0.00027 
   6e-05   
  -6e-05   
   0       
   0       
   0.49    
   0       
   0       
   0       

QFRC_SPRING
   0       
   0       
   0       
   0       
   0       
   0       
   0       
   0       
   0       
   0       
   0       
   0       
   0       
   0       
   0       

QFRC_DAMPER
  -1.1e-06 
   7e-05   
   4.5e-06 
   0.0014  
  -1.3e-05 
  -0.0017  
  -0.0024  
   2e-07   
   1.8e-07 
   0       
   0       
   0       
   0       
   0       
   0       

QFRC_GRAVCOMP
   0       
   0       
   0       
   0       
   0       
   0       
   0       
   0       
   0       
   0       
   0       
   0       
   0       
   0       
   0       

QFRC_FLUID
   0       
   0       
   0       
   0       
   0       
   0       
   0       
   0       
   0       
   0       
   0       
   0       
   0       
   0       
   0       

QFRC_PASSIVE
  -1.1e-06 
   7e-05   
   4.5e-06 
   0.0014  
  -1.3e-05 
  -0.0017  
  -0.0024  
   2e-07   
   1.8e-07 
   0       
   0       
   0       
   0       
   0       
   0       

EFC_VEL
  -2.3e-08 
   3.6e-13 
   3.6e-13 
   3.6e-13 
   3.6e-13 
   3.6e-13 
   3.6e-13 
   3.6e-13 
   3.6e-13 
   3.6e-13 
   3.6e-13 
   3.6e-13 
   3.6e-13 
   3.6e-13 
   3.6e-13 
   3.6e-13 
   3.6e-13 

EFC_AREF
  -2.2e-05 
   0.27    
   0.27    
   0.27    
   0.27    
   0.27    
   0.27    
   0.27    
   0.27    
   0.27    
   0.27    
   0.27    
   0.27    
   0.27    
   0.27    
   0.27    
   0.27    

SUBTREE_LINVEL
   0         0         0       
   0         0         0       
   0         0         0       
   0         0         0       
   0         0         0       
   0         0         0       
   0         0         0       
   0         0         0       
   0         0         0       
   0         0         0       
   0         0         0       
   0         0         0       
   0         0         0       

SUBTREE_ANGMOM
   0         0         0       
   0         0         0       
   0         0         0       
   0         0         0       
   0         0         0       
   0         0         0       
   0         0         0       
   0         0         0       
   0         0         0       
   0         0         0       
   0         0         0       
   0         0         0       
   0         0         0       

ACTUATOR_FORCE
   3e-05   
  -3.7     
  -0.67    
   23      
   0.59    
   2.3     
  -0.0095  
   9.8e-08 

QFRC_ACTUATOR
   3e-05   
  -3.7     
  -0.67    
   23      
   0.59    
   2.3     
  -0.0095  
   4.9e-08 
   4.9e-08 
   0       
   0       
   0       
   0       
   0       
   0       

QFRC_SMOOTH
   2.9e-05 
  -0.005   
  -0.00013 
   0.024   
   0.0002  
  -0.007   
  -0.012   
  -6e-05   
   6e-05   
   0       
   0       
  -0.49    
   0       
   0       
   0       

QACC_SMOOTH
  -0.00075 
   0.0059  
   0.00053 
   0.035   
  -0.0017  
  -0.079   
  -0.11    
  -0.00056 
   0.00057 
   0       
   0       
  -9.8     
   0       
   0       
   0       

EFC_B
  -0.0011  
  -10      
  -10      
  -10      
  -10      
  -10      
  -10      
  -10      
  -10      
  -10      
  -10      
  -10      
  -10      
  -10      
  -10      
  -10      
  -10      

EFC_FORCE
   6e-05   
   0.031   
   0.031   
   0.031   
   0.031   
   0.031   
   0.031   
   0.031   
   0.031   
   0.031   
   0.031   
   0.031   
   0.031   
   0.031   
   0.031   
   0.031   
   0.031   

EFC_STATE
  1
  1
  1
  1
  1
  1
  1
  1
  1
  1
  1
  1
  1
  1
  1
  1
  1

QFRC_CONSTRAINT
   0       
   0       
   0       
   0       
   0       
   0       
   0       
   6e-05   
  -6e-05   
   1e-17   
  -1.2e-16 
   0.49    
   1.4e-18 
   1.3e-18 
   4.3e-19 

QFRC_INVERSE
   0       
   0       
   0       
   0       
   0       
   0       
   0       
   0       
   0       
   0       
   0       
   0       
   0       
   0       
   0       

CACC
   0         0         0         0         0         0       
   0         0         0         0         0         0       
   0         0         0         0         0         0       
   0         0         0         0         0         0       
   0         0         0         0         0         0       
   0         0         0         0         0         0       
   0         0         0         0         0         0       
   0         0         0         0         0         0       
   0         0         0         0         0         0       
   0         0         0         0         0         0       
   0         0         0         0         0         0       
   0         0         0         0         0         0       
   0         0         0         0         0         0       

CFRC_INT
   0         0         0         0         0         0       
   0         0         0         0         0         0       
   0         0         0         0         0         0       
   0         0         0         0         0         0       
   0         0         0         0         0         0       
   0         0         0         0         0         0       
   0         0         0         0         0         0       
   0         0         0         0         0         0       
   0         0         0         0         0         0       
   0         0         0         0         0         0       
   0         0         0         0         0         0       
   0         0         0         0         0         0       
   0         0         0         0         0         0       

CFRC_EXT
   0         0         0         0         0         0       
   0         0         0         0         0         0       
   0         0         0         0         0         0       
   0         0         0         0         0         0       
   0         0         0         0         0         0       
   0         0         0         0         0         0       
   0         0         0         0         0         0       
   0         0         0         0         0         0       
   0         0         0         0         0         0       
   0         0         0         0         0         0       
   0         0         0         0         0         0       
   0         0         0         0         0         0       
   0         0         0         0         0         0       

DOF_ISLAND            0 0 0 0 0 0 0 0 0 1 1 1 1 1 1

ISLAND_NV             9 6

ISLAND_IDOFADR        0 9

MAP_IDOF2DOF          0 1 2 3 4 5 6 7 8 | 9 10 11 12 13 14

EFC_ISLAND            0 1 1 1 1 1 1 1 1 1 1 1 1 1 1 1 1

ISLAND_NEFC           1 16

ISLAND_IEFCADR        0 1

MAP_IEFC2EFC          0 | 1 2 3 4 5 6 7 8 9 10 11 12 13 14 15 16

TENDON_EFCADR         -1

